20 21
20 23
20 27
20 29
20 31
20 33
20 37
20 39
20 41
20 43
20 47
20 49
20 51
20 53
20 57
20 59
20 61
20 63
20 67
20 69
20 71
20 73
20 77
20 79
20 81
20 83
20 87
20 89
20 91
20 93
20 97
20 99
20 101
20 103
20 107
20 109
20 111
20 113
20 117
20 119
20 121
20 123
20 127
20 129
20 131
20 133
20 137
20 139
20 141
20 143
20 147
20 149
21 20
21 22
21 23
21 25
21 26
21 29
21 31
21 32
21 34
21 37
21 38
21 40
21 41
21 43
21 44
21 46
21 47
21 50
21 52
21 53
21 55
21 58
21 59
21 61
21 62
21 64
21 65
21 67
21 68
21 71
21 73
21 74
21 76
21 79
21 80
21 82
21 83
21 85
21 86
21 88
21 89
21 92
21 94
21 95
21 97
21 100
21 101
21 103
21 104
21 106
21 107
21 109
21 110
21 113
21 115
21 116
21 118
21 121
21 122
21 124
21 125
21 127
21 128
21 130
21 131
21 134
21 136
21 137
21 139
21 142
21 143
21 145
21 146
21 148
21 149
22 21
22 23
22 25
22 27
22 29
22 31
22 35
22 37
22 39
22 41
22 43
22 45
22 47
22 49
22 51
22 53
22 57
22 59
22 61
22 63
22 65
22 67
22 69
22 71
22 73
22 75
22 79
22 81
22 83
22 85
22 87
22 89
22 91
22 93
22 95
22 97
22 101
22 103
22 105
22 107
22 109
22 111
22 113
22 115
22 117
22 119
22 123
22 125
22 127
22 129
22 131
22 133
22 135
22 137
22 139
22 141
22 145
22 147
22 149
23 20
23 21
23 22
23 24
23 25
23 26
23 27
23 28
23 29
23 30
23 31
23 32
23 33
23 34
23 35
23 36
23 37
23 38
23 39
23 40
23 41
23 42
23 43
23 44
23 45
23 47
23 48
23 49
23 50
23 51
23 52
23 53
23 54
23 55
23 56
23 57
23 58
23 59
23 60
23 61
23 62
23 63
23 64
23 65
23 66
23 67
23 68
23 70
23 71
23 72
23 73
23 74
23 75
23 76
23 77
23 78
23 79
23 80
23 81
23 82
23 83
23 84
23 85
23 86
23 87
23 88
23 89
23 90
23 91
23 93
23 94
23 95
23 96
23 97
23 98
23 99
23 100
23 101
23 102
23 103
23 104
23 105
23 106
23 107
23 108
23 109
23 110
23 111
23 112
23 113
23 114
23 116
23 117
23 118
23 119
23 120
23 121
23 122
23 123
23 124
23 125
23 126
23 127
23 128
23 129
23 130
23 131
23 132
23 133
23 134
23 135
23 136
23 137
23 139
23 140
23 141
23 142
23 143
23 144
23 145
23 146
23 147
23 148
23 149
24 23
24 25
24 29
24 31
24 35
24 37
24 41
24 43
24 47
24 49
24 53
24 55
24 59
24 61
24 65
24 67
24 71
24 73
24 77
24 79
24 83
24 85
24 89
24 91
24 95
24 97
24 101
24 103
24 107
24 109
24 113
24 115
24 119
24 121
24 125
24 127
24 131
24 133
24 137
24 139
24 143
24 145
24 149
25 21
25 22
25 23
25 24
25 26
25 27
25 28
25 29
25 31
25 32
25 33
25 34
25 36
25 37
25 38
25 39
25 41
25 42
25 43
25 44
25 46
25 47
25 48
25 49
25 51
25 52
25 53
25 54
25 56
25 57
25 58
25 59
25 61
25 62
25 63
25 64
25 66
25 67
25 68
25 69
25 71
25 72
25 73
25 74
25 76
25 77
25 78
25 79
25 81
25 82
25 83
25 84
25 86
25 87
25 88
25 89
25 91
25 92
25 93
25 94
25 96
25 97
25 98
25 99
25 101
25 102
25 103
25 104
25 106
25 107
25 108
25 109
25 111
25 112
25 113
25 114
25 116
25 117
25 118
25 119
25 121
25 122
25 123
25 124
25 126
25 127
25 128
25 129
25 131
25 132
25 133
25 134
25 136
25 137
25 138
25 139
25 141
25 142
25 143
25 144
25 146
25 147
25 148
25 149
26 21
26 23
26 25
26 27
26 29
26 31
26 33
26 35
26 37
26 41
26 43
26 45
26 47
26 49
26 51
26 53
26 55
26 57
26 59
26 61
26 63
26 67
26 69
26 71
26 73
26 75
26 77
26 79
26 81
26 83
26 85
26 87
26 89
26 93
26 95
26 97
26 99
26 101
26 103
26 105
26 107
26 109
26 111
26 113
26 115
26 119
26 121
26 123
26 125
26 127
26 129
26 131
26 133
26 135
26 137
26 139
26 141
26 145
26 147
26 149
27 20
27 22
27 23
27 25
27 26
27 28
27 29
27 31
27 32
27 34
27 35
27 37
27 38
27 40
27 41
27 43
27 44
27 46
27 47
27 49
27 50
27 52
27 53
27 55
27 56
27 58
27 59
27 61
27 62
27 64
27 65
27 67
27 68
27 70
27 71
27 73
27 74
27 76
27 77
27 79
27 80
27 82
27 83
27 85
27 86
27 88
27 89
27 91
27 92
27 94
27 95
27 97
27 98
27 100
27 101
27 103
27 104
27 106
27 107
27 109
27 110
27 112
27 113
27 115
27 116
27 118
27 119
27 121
27 122
27 124
27 125
27 127
27 128
27 130
27 131
27 133
27 134
27 136
27 137
27 139
27 140
27 142
27 143
27 145
27 146
27 148
27 149
28 23
28 25
28 27
28 29
28 31
28 33
28 37
28 39
28 41
28 43
28 45
28 47
28 51
28 53
28 55
28 57
28 59
28 61
28 65
28 67
28 69
28 71
28 73
28 75
28 79
28 81
28 83
28 85
28 87
28 89
28 93
28 95
28 97
28 99
28 101
28 103
28 107
28 109
28 111
28 113
28 115
28 117
28 121
28 123
28 125
28 127
28 129
28 131
28 135
28 137
28 139
28 141
28 143
28 145
28 149
29 20
29 21
29 22
29 23
29 24
29 25
29 26
29 27
29 28
29 30
29 31
29 32
29 33
29 34
29 35
29 36
29 37
29 38
29 39
29 40
29 41
29 42
29 43
29 44
29 45
29 46
29 47
29 48
29 49
29 50
29 51
29 52
29 53
29 54
29 55
29 56
29 57
29 59
29 60
29 61
29 62
29 63
29 64
29 65
29 66
29 67
29 68
29 69
29 70
29 71
29 72
29 73
29 74
29 75
29 76
29 77
29 78
29 79
29 80
29 81
29 82
29 83
29 84
29 85
29 86
29 88
29 89
29 90
29 91
29 92
29 93
29 94
29 95
29 96
29 97
29 98
29 99
29 100
29 101
29 102
29 103
29 104
29 105
29 106
29 107
29 108
29 109
29 110
29 111
29 112
29 113
29 114
29 115
29 117
29 118
29 119
29 120
29 121
29 122
29 123
29 124
29 125
29 126
29 127
29 128
29 129
29 130
29 131
29 132
29 133
29 134
29 135
29 136
29 137
29 138
29 139
29 140
29 141
29 142
29 143
29 144
29 146
29 147
29 148
29 149
30 23
30 29
30 31
30 37
30 41
30 43
30 47
30 49
30 53
30 59
30 61
30 67
30 71
30 73
30 77
30 79
30 83
30 89
30 91
30 97
30 101
30 103
30 107
30 109
30 113
30 119
30 121
30 127
30 131
30 133
30 137
30 139
30 143
30 149
31 20
31 21
31 22
31 23
31 24
31 25
31 26
31 27
31 28
31 29
31 30
31 32
31 33
31 34
31 35
31 36
31 37
31 38
31 39
31 40
31 41
31 42
31 43
31 44
31 45
31 46
31 47
31 48
31 49
31 50
31 51
31 52
31 53
31 54
31 55
31 56
31 57
31 58
31 59
31 60
31 61
31 63
31 64
31 65
31 66
31 67
31 68
31 69
31 70
31 71
31 72
31 73
31 74
31 75
31 76
31 77
31 78
31 79
31 80
31 81
31 82
31 83
31 84
31 85
31 86
31 87
31 88
31 89
31 90
31 91
31 92
31 94
31 95
31 96
31 97
31 98
31 99
31 100
31 101
31 102
31 103
31 104
31 105
31 106
31 107
31 108
31 109
31 110
31 111
31 112
31 113
31 114
31 115
31 116
31 117
31 118
31 119
31 120
31 121
31 122
31 123
31 125
31 126
31 127
31 128
31 129
31 130
31 131
31 132
31 133
31 134
31 135
31 136
31 137
31 138
31 139
31 140
31 141
31 142
31 143
31 144
31 145
31 146
31 147
31 148
31 149
32 21
32 23
32 25
32 27
32 29
32 31
32 33
32 35
32 37
32 39
32 41
32 43
32 45
32 47
32 49
32 51
32 53
32 55
32 57
32 59
32 61
32 63
32 65
32 67
32 69
32 71
32 73
32 75
32 77
32 79
32 81
32 83
32 85
32 87
32 89
32 91
32 93
32 95
32 97
32 99
32 101
32 103
32 105
32 107
32 109
32 111
32 113
32 115
32 117
32 119
32 121
32 123
32 125
32 127
32 129
32 131
32 133
32 135
32 137
32 139
32 141
32 143
32 145
32 147
32 149
33 20
33 23
33 25
33 26
33 28
33 29
33 31
33 32
33 34
33 35
33 37
33 38
33 40
33 41
33 43
33 46
33 47
33 49
33 50
33 52
33 53
33 56
33 58
33 59
33 61
33 62
33 64
33 65
33 67
33 68
33 70
33 71
33 73
33 74
33 76
33 79
33 80
33 82
33 83
33 85
33 86
33 89
33 91
33 92
33 94
33 95
33 97
33 98
33 100
33 101
33 103
33 104
33 106
33 107
33 109
33 112
33 113
33 115
33 116
33 118
33 119
33 122
33 124
33 125
33 127
33 128
33 130
33 131
33 133
33 134
33 136
33 137
33 139
33 140
33 142
33 145
33 146
33 148
33 149
34 21
34 23
34 25
34 27
34 29
34 31
34 33
34 35
34 37
34 39
34 41
34 43
34 45
34 47
34 49
34 53
34 55
34 57
34 59
34 61
34 63
34 65
34 67
34 69
34 71
34 73
34 75
34 77
34 79
34 81
34 83
34 87
34 89
34 91
34 93
34 95
34 97
34 99
34 101
34 103
34 105
34 107
34 109
34 111
34 113
34 115
34 117
34 121
34 123
34 125
34 127
34 129
34 131
34 133
34 135
34 137
34 139
34 141
34 143
34 145
34 147
34 149
35 22
35 23
35 24
35 26
35 27
35 29
35 31
35 32
35 33
35 34
35 36
35 37
35 38
35 39
35 41
35 43
35 44
35 46
35 47
35 48
35 51
35 52
35 53
35 54
35 57
35 58
35 59
35 61
35 62
35 64
35 66
35 67
35 68
35 69
35 71
35 72
35 73
35 74
35 76
35 78
35 79
35 81
35 82
35 83
35 86
35 87
35 88
35 89
35 92
35 93
35 94
35 96
35 97
35 99
35 101
35 102
35 103
35 104
35 106
35 107
35 108
35 109
35 111
35 113
35 114
35 116
35 117
35 118
35 121
35 122
35 123
35 124
35 127
35 128
35 129
35 131
35 132
35 134
35 136
35 137
35 138
35 139
35 141
35 142
35 143
35 144
35 146
35 148
35 149
36 23
36 25
36 29
36 31
36 35
36 37
36 41
36 43
36 47
36 49
36 53
36 55
36 59
36 61
36 65
36 67
36 71
36 73
36 77
36 79
36 83
36 85
36 89
36 91
36 95
36 97
36 101
36 103
36 107
36 109
36 113
36 115
36 119
36 121
36 125
36 127
36 131
36 133
36 137
36 139
36 143
36 145
36 149
37 20
37 21
37 22
37 23
37 24
37 25
37 26
37 27
37 28
37 29
37 30
37 31
37 32
37 33
37 34
37 35
37 36
37 38
37 39
37 40
37 41
37 42
37 43
37 44
37 45
37 46
37 47
37 48
37 49
37 50
37 51
37 52
37 53
37 54
37 55
37 56
37 57
37 58
37 59
37 60
37 61
37 62
37 63
37 64
37 65
37 66
37 67
37 68
37 69
37 70
37 71
37 72
37 73
37 75
37 76
37 77
37 78
37 79
37 80
37 81
37 82
37 83
37 84
37 85
37 86
37 87
37 88
37 89
37 90
37 91
37 92
37 93
37 94
37 95
37 96
37 97
37 98
37 99
37 100
37 101
37 102
37 103
37 104
37 105
37 106
37 107
37 108
37 109
37 110
37 112
37 113
37 114
37 115
37 116
37 117
37 118
37 119
37 120
37 121
37 122
37 123
37 124
37 125
37 126
37 127
37 128
37 129
37 130
37 131
37 132
37 133
37 134
37 135
37 136
37 137
37 138
37 139
37 140
37 141
37 142
37 143
37 144
37 145
37 146
37 147
37 149
38 21
38 23
38 25
38 27
38 29
38 31
38 33
38 35
38 37
38 39
38 41
38 43
38 45
38 47
38 49
38 51
38 53
38 55
38 59
38 61
38 63
38 65
38 67
38 69
38 71
38 73
38 75
38 77
38 79
38 81
38 83
38 85
38 87
38 89
38 91
38 93
38 97
38 99
38 101
38 103
38 105
38 107
38 109
38 111
38 113
38 115
38 117
38 119
38 121
38 123
38 125
38 127
38 129
38 131
38 135
38 137
38 139
38 141
38 143
38 145
38 147
38 149
39 20
39 22
39 23
39 25
39 28
39 29
39 31
39 32
39 34
39 35
39 37
39 38
39 40
39 41
39 43
39 44
39 46
39 47
39 49
39 50
39 53
39 55
39 56
39 58
39 59
39 61
39 62
39 64
39 67
39 68
39 70
39 71
39 73
39 74
39 76
39 77
39 79
39 80
39 82
39 83
39 85
39 86
39 88
39 89
39 92
39 94
39 95
39 97
39 98
39 100
39 101
39 103
39 106
39 107
39 109
39 110
39 112
39 113
39 115
39 116
39 118
39 119
39 121
39 122
39 124
39 125
39 127
39 128
39 131
39 133
39 134
39 136
39 137
39 139
39 140
39 142
39 145
39 146
39 148
39 149
40 21
40 23
40 27
40 29
40 31
40 33
40 37
40 39
40 41
40 43
40 47
40 49
40 51
40 53
40 57
40 59
40 61
40 63
40 67
40 69
40 71
40 73
40 77
40 79
40 81
40 83
40 87
40 89
40 91
40 93
40 97
40 99
40 101
40 103
40 107
40 109
40 111
40 113
40 117
40 119
40 121
40 123
40 127
40 129
40 131
40 133
40 137
40 139
40 141
40 143
40 147
40 149
41 20
41 21
41 22
41 23
41 24
41 25
41 26
41 27
41 28
41 29
41 30
41 31
41 32
41 33
41 34
41 35
41 36
41 37
41 38
41 39
41 40
41 42
41 43
41 44
41 45
41 46
41 47
41 48
41 49
41 50
41 51
41 52
41 53
41 54
41 55
41 56
41 57
41 58
41 59
41 60
41 61
41 62
41 63
41 64
41 65
41 66
41 67
41 68
41 69
41 70
41 71
41 72
41 73
41 74
41 75
41 76
41 77
41 78
41 79
41 80
41 81
41 83
41 84
41 85
41 86
41 87
41 88
41 89
41 90
41 91
41 92
41 93
41 94
41 95
41 96
41 97
41 98
41 99
41 100
41 101
41 102
41 103
41 104
41 105
41 106
41 107
41 108
41 109
41 110
41 111
41 112
41 113
41 114
41 115
41 116
41 117
41 118
41 119
41 120
41 121
41 122
41 124
41 125
41 126
41 127
41 128
41 129
41 130
41 131
41 132
41 133
41 134
41 135
41 136
41 137
41 138
41 139
41 140
41 141
41 142
41 143
41 144
41 145
41 146
41 147
41 148
41 149
42 23
42 25
42 29
42 31
42 37
42 41
42 43
42 47
42 53
42 55
42 59
42 61
42 65
42 67
42 71
42 73
42 79
42 83
42 85
42 89
42 95
42 97
42 101
42 103
42 107
42 109
42 113
42 115
42 121
42 125
42 127
42 131
42 137
42 139
42 143
42 145
42 149
43 20
43 21
43 22
43 23
43 24
43 25
43 26
43 27
43 28
43 29
43 30
43 31
43 32
43 33
43 34
43 35
43 36
43 37
43 38
43 39
43 40
43 41
43 42
43 44
43 45
43 46
43 47
43 48
43 49
43 50
43 51
43 52
43 53
43 54
43 55
43 56
43 57
43 58
43 59
43 60
43 61
43 62
43 63
43 64
43 65
43 66
43 67
43 68
43 69
43 70
43 71
43 72
43 73
43 74
43 75
43 76
43 77
43 78
43 79
43 80
43 81
43 82
43 83
43 84
43 85
43 87
43 88
43 89
43 90
43 91
43 92
43 93
43 94
43 95
43 96
43 97
43 98
43 99
43 100
43 101
43 102
43 103
43 104
43 105
43 106
43 107
43 108
43 109
43 110
43 111
43 112
43 113
43 114
43 115
43 116
43 117
43 118
43 119
43 120
43 121
43 122
43 123
43 124
43 125
43 126
43 127
43 128
43 130
43 131
43 132
43 133
43 134
43 135
43 136
43 137
43 138
43 139
43 140
43 141
43 142
43 143
43 144
43 145
43 146
43 147
43 148
43 149
44 21
44 23
44 25
44 27
44 29
44 31
44 35
44 37
44 39
44 41
44 43
44 45
44 47
44 49
44 51
44 53
44 57
44 59
44 61
44 63
44 65
44 67
44 69
44 71
44 73
44 75
44 79
44 81
44 83
44 85
44 87
44 89
44 91
44 93
44 95
44 97
44 101
44 103
44 105
44 107
44 109
44 111
44 113
44 115
44 117
44 119
44 123
44 125
44 127
44 129
44 131
44 133
44 135
44 137
44 139
44 141
44 145
44 147
44 149
45 22
45 23
45 26
45 28
45 29
45 31
45 32
45 34
45 37
45 38
45 41
45 43
45 44
45 46
45 47
45 49
45 52
45 53
45 56
45 58
45 59
45 61
45 62
45 64
45 67
45 68
45 71
45 73
45 74
45 76
45 77
45 79
45 82
45 83
45 86
45 88
45 89
45 91
45 92
45 94
45 97
45 98
45 101
45 103
45 104
45 106
45 107
45 109
45 112
45 113
45 116
45 118
45 119
45 121
45 122
45 124
45 127
45 128
45 131
45 133
45 134
45 136
45 137
45 139
45 142
45 143
45 146
45 148
45 149
46 21
46 25
46 27
46 29
46 31
46 33
46 35
46 37
46 39
46 41
46 43
46 45
46 47
46 49
46 51
46 53
46 55
46 57
46 59
46 61
46 63
46 65
46 67
46 71
46 73
46 75
46 77
46 79
46 81
46 83
46 85
46 87
46 89
46 91
46 93
46 95
46 97
46 99
46 101
46 103
46 105
46 107
46 109
46 111
46 113
46 117
46 119
46 121
46 123
46 125
46 127
46 129
46 131
46 133
46 135
46 137
46 139
46 141
46 143
46 145
46 147
46 149
47 20
47 21
47 22
47 23
47 24
47 25
47 26
47 27
47 28
47 29
47 30
47 31
47 32
47 33
47 34
47 35
47 36
47 37
47 38
47 39
47 40
47 41
47 42
47 43
47 44
47 45
47 46
47 48
47 49
47 50
47 51
47 52
47 53
47 54
47 55
47 56
47 57
47 58
47 59
47 60
47 61
47 62
47 63
47 64
47 65
47 66
47 67
47 68
47 69
47 70
47 71
47 72
47 73
47 74
47 75
47 76
47 77
47 78
47 79
47 80
47 81
47 82
47 83
47 84
47 85
47 86
47 87
47 88
47 89
47 90
47 91
47 92
47 93
47 95
47 96
47 97
47 98
47 99
47 100
47 101
47 102
47 103
47 104
47 105
47 106
47 107
47 108
47 109
47 110
47 111
47 112
47 113
47 114
47 115
47 116
47 117
47 118
47 119
47 120
47 121
47 122
47 123
47 124
47 125
47 126
47 127
47 128
47 129
47 130
47 131
47 132
47 133
47 134
47 135
47 136
47 137
47 138
47 139
47 140
47 142
47 143
47 144
47 145
47 146
47 147
47 148
47 149
48 23
48 25
48 29
48 31
48 35
48 37
48 41
48 43
48 47
48 49
48 53
48 55
48 59
48 61
48 65
48 67
48 71
48 73
48 77
48 79
48 83
48 85
48 89
48 91
48 95
48 97
48 101
48 103
48 107
48 109
48 113
48 115
48 119
48 121
48 125
48 127
48 131
48 133
48 137
48 139
48 143
48 145
48 149
49 20
49 22
49 23
49 24
49 25
49 26
49 27
49 29
49 30
49 31
49 32
49 33
49 34
49 36
49 37
49 38
49 39
49 40
49 41
49 43
49 44
49 45
49 46
49 47
49 48
49 50
49 51
49 52
49 53
49 54
49 55
49 57
49 58
49 59
49 60
49 61
49 62
49 64
49 65
49 66
49 67
49 68
49 69
49 71
49 72
49 73
49 74
49 75
49 76
49 78
49 79
49 80
49 81
49 82
49 83
49 85
49 86
49 87
49 88
49 89
49 90
49 92
49 93
49 94
49 95
49 96
49 97
49 99
49 100
49 101
49 102
49 103
49 104
49 106
49 107
49 108
49 109
49 110
49 111
49 113
49 114
49 115
49 116
49 117
49 118
49 120
49 121
49 122
49 123
49 124
49 125
49 127
49 128
49 129
49 130
49 131
49 132
49 134
49 135
49 136
49 137
49 138
49 139
49 141
49 142
49 143
49 144
49 145
49 146
49 148
49 149
50 21
50 23
50 27
50 29
50 31
50 33
50 37
50 39
50 41
50 43
50 47
50 49
50 51
50 53
50 57
50 59
50 61
50 63
50 67
50 69
50 71
50 73
50 77
50 79
50 81
50 83
50 87
50 89
50 91
50 93
50 97
50 99
50 101
50 103
50 107
50 109
50 111
50 113
50 117
50 119
50 121
50 123
50 127
50 129
50 131
50 133
50 137
50 139
50 141
50 143
50 147
50 149
51 20
51 22
51 23
51 25
51 26
51 28
51 29
51 31
51 32
51 35
51 37
51 38
51 40
51 41
51 43
51 44
51 46
51 47
51 49
51 50
51 52
51 53
51 55
51 56
51 58
51 59
51 61
51 62
51 64
51 65
51 67
51 70
51 71
51 73
51 74
51 76
51 77
51 79
51 80
51 82
51 83
51 86
51 88
51 89
51 91
51 92
51 94
51 95
51 97
51 98
51 100
51 101
51 103
51 104
51 106
51 107
51 109
51 110
51 112
51 113
51 115
51 116
51 118
51 121
51 122
51 124
51 125
51 127
51 128
51 130
51 131
51 133
51 134
51 137
51 139
51 140
51 142
51 143
51 145
51 146
51 148
51 149
52 21
52 23
52 25
52 27
52 29
52 31
52 33
52 35
52 37
52 41
52 43
52 45
52 47
52 49
52 51
52 53
52 55
52 57
52 59
52 61
52 63
52 67
52 69
52 71
52 73
52 75
52 77
52 79
52 81
52 83
52 85
52 87
52 89
52 93
52 95
52 97
52 99
52 101
52 103
52 105
52 107
52 109
52 111
52 113
52 115
52 119
52 121
52 123
52 125
52 127
52 129
52 131
52 133
52 135
52 137
52 139
52 141
52 145
52 147
52 149
53 20
53 21
53 22
53 23
53 24
53 25
53 26
53 27
53 28
53 29
53 30
53 31
53 32
53 33
53 34
53 35
53 36
53 37
53 38
53 39
53 40
53 41
53 42
53 43
53 44
53 45
53 46
53 47
53 48
53 49
53 50
53 51
53 52
53 54
53 55
53 56
53 57
53 58
53 59
53 60
53 61
53 62
53 63
53 64
53 65
53 66
53 67
53 68
53 69
53 70
53 71
53 72
53 73
53 74
53 75
53 76
53 77
53 78
53 79
53 80
53 81
53 82
53 83
53 84
53 85
53 86
53 87
53 88
53 89
53 90
53 91
53 92
53 93
53 94
53 95
53 96
53 97
53 98
53 99
53 100
53 101
53 102
53 103
53 104
53 105
53 107
53 108
53 109
53 110
53 111
53 112
53 113
53 114
53 115
53 116
53 117
53 118
53 119
53 120
53 121
53 122
53 123
53 124
53 125
53 126
53 127
53 128
53 129
53 130
53 131
53 132
53 133
53 134
53 135
53 136
53 137
53 138
53 139
53 140
53 141
53 142
53 143
53 144
53 145
53 146
53 147
53 148
53 149
54 23
54 25
54 29
54 31
54 35
54 37
54 41
54 43
54 47
54 49
54 53
54 55
54 59
54 61
54 65
54 67
54 71
54 73
54 77
54 79
54 83
54 85
54 89
54 91
54 95
54 97
54 101
54 103
54 107
54 109
54 113
54 115
54 119
54 121
54 125
54 127
54 131
54 133
54 137
54 139
54 143
54 145
54 149
55 21
55 23
55 24
55 26
55 27
55 28
55 29
55 31
55 32
55 34
55 36
55 37
55 38
55 39
55 41
55 42
55 43
55 46
55 47
55 48
55 49
55 51
55 52
55 53
55 54
55 56
55 57
55 58
55 59
55 61
55 62
55 63
55 64
55 67
55 68
55 69
55 71
55 72
55 73
55 74
55 76
55 78
55 79
55 81
55 82
55 83
55 84
55 86
55 87
55 89
55 91
55 92
55 93
55 94
55 96
55 97
55 98
55 101
55 102
55 103
55 104
55 106
55 107
55 108
55 109
55 111
55 112
55 113
55 114
55 116
55 117
55 118
55 119
55 122
55 123
55 124
55 126
55 127
55 128
55 129
55 131
55 133
55 134
55 136
55 137
55 138
55 139
55 141
55 142
55 144
55 146
55 147
55 148
55 149
56 23
56 25
56 27
56 29
56 31
56 33
56 37
56 39
56 41
56 43
56 45
56 47
56 51
56 53
56 55
56 57
56 59
56 61
56 65
56 67
56 69
56 71
56 73
56 75
56 79
56 81
56 83
56 85
56 87
56 89
56 93
56 95
56 97
56 99
56 101
56 103
56 107
56 109
56 111
56 113
56 115
56 117
56 121
56 123
56 125
56 127
56 129
56 131
56 135
56 137
56 139
56 141
56 143
56 145
56 149
57 20
57 22
57 23
57 25
57 26
57 28
57 29
57 31
57 32
57 34
57 35
57 37
57 40
57 41
57 43
57 44
57 46
57 47
57 49
57 50
57 52
57 53
57 55
57 56
57 58
57 59
57 61
57 62
57 64
57 65
57 67
57 68
57 70
57 71
57 73
57 74
57 77
57 79
57 80
57 82
57 83
57 85
57 86
57 88
57 89
57 91
57 92
57 94
57 97
57 98
57 100
57 101
57 103
57 104
57 106
57 107
57 109
57 110
57 112
57 113
57 115
57 116
57 118
57 119
57 121
57 122
57 124
57 125
57 127
57 128
57 130
57 131
57 134
57 136
57 137
57 139
57 140
57 142
57 143
57 145
57 146
57 148
57 149
58 21
58 23
58 25
58 27
58 31
58 33
58 35
58 37
58 39
58 41
58 43
58 45
58 47
58 49
58 51
58 53
58 55
58 57
58 59
58 61
58 63
58 65
58 67
58 69
58 71
58 73
58 75
58 77
58 79
58 81
58 83
58 85
58 89
58 91
58 93
58 95
58 97
58 99
58 101
58 103
58 105
58 107
58 109
58 111
58 113
58 115
58 117
58 119
58 121
58 123
58 125
58 127
58 129
58 131
58 133
58 135
58 137
58 139
58 141
58 143
58 147
58 149
59 20
59 21
59 22
59 23
59 24
59 25
59 26
59 27
59 28
59 29
59 30
59 31
59 32
59 33
59 34
59 35
59 36
59 37
59 38
59 39
59 40
59 41
59 42
59 43
59 44
59 45
59 46
59 47
59 48
59 49
59 50
59 51
59 52
59 53
59 54
59 55
59 56
59 57
59 58
59 60
59 61
59 62
59 63
59 64
59 65
59 66
59 67
59 68
59 69
59 70
59 71
59 72
59 73
59 74
59 75
59 76
59 77
59 78
59 79
59 80
59 81
59 82
59 83
59 84
59 85
59 86
59 87
59 88
59 89
59 90
59 91
59 92
59 93
59 94
59 95
59 96
59 97
59 98
59 99
59 100
59 101
59 102
59 103
59 104
59 105
59 106
59 107
59 108
59 109
59 110
59 111
59 112
59 113
59 114
59 115
59 116
59 117
59 119
59 120
59 121
59 122
59 123
59 124
59 125
59 126
59 127
59 128
59 129
59 130
59 131
59 132
59 133
59 134
59 135
59 136
59 137
59 138
59 139
59 140
59 141
59 142
59 143
59 144
59 145
59 146
59 147
59 148
59 149
60 23
60 29
60 31
60 37
60 41
60 43
60 47
60 49
60 53
60 59
60 61
60 67
60 71
60 73
60 77
60 79
60 83
60 89
60 91
60 97
60 101
60 103
60 107
60 109
60 113
60 119
60 121
60 127
60 131
60 133
60 137
60 139
60 143
60 149
61 20
61 21
61 22
61 23
61 24
61 25
61 26
61 27
61 28
61 29
61 30
61 31
61 32
61 33
61 34
61 35
61 36
61 37
61 38
61 39
61 40
61 41
61 42
61 43
61 44
61 45
61 46
61 47
61 48
61 49
61 50
61 51
61 52
61 53
61 54
61 55
61 56
61 57
61 58
61 59
61 60
61 62
61 63
61 64
61 65
61 66
61 67
61 68
61 69
61 70
61 71
61 72
61 73
61 74
61 75
61 76
61 77
61 78
61 79
61 80
61 81
61 82
61 83
61 84
61 85
61 86
61 87
61 88
61 89
61 90
61 91
61 92
61 93
61 94
61 95
61 96
61 97
61 98
61 99
61 100
61 101
61 102
61 103
61 104
61 105
61 106
61 107
61 108
61 109
61 110
61 111
61 112
61 113
61 114
61 115
61 116
61 117
61 118
61 119
61 120
61 121
61 123
61 124
61 125
61 126
61 127
61 128
61 129
61 130
61 131
61 132
61 133
61 134
61 135
61 136
61 137
61 138
61 139
61 140
61 141
61 142
61 143
61 144
61 145
61 146
61 147
61 148
61 149
62 21
62 23
62 25
62 27
62 29
62 33
62 35
62 37
62 39
62 41
62 43
62 45
62 47
62 49
62 51
62 53
62 55
62 57
62 59
62 61
62 63
62 65
62 67
62 69
62 71
62 73
62 75
62 77
62 79
62 81
62 83
62 85
62 87
62 89
62 91
62 95
62 97
62 99
62 101
62 103
62 105
62 107
62 109
62 111
62 113
62 115
62 117
62 119
62 121
62 123
62 125
62 127
62 129
62 131
62 133
62 135
62 137
62 139
62 141
62 143
62 145
62 147
62 149
63 20
63 22
63 23
63 25
63 26
63 29
63 31
63 32
63 34
63 37
63 38
63 40
63 41
63 43
63 44
63 46
63 47
63 50
63 52
63 53
63 55
63 58
63 59
63 61
63 62
63 64
63 65
63 67
63 68
63 71
63 73
63 74
63 76
63 79
63 80
63 82
63 83
63 85
63 86
63 88
63 89
63 92
63 94
63 95
63 97
63 100
63 101
63 103
63 104
63 106
63 107
63 109
63 110
63 113
63 115
63 116
63 118
63 121
63 122
63 124
63 125
63 127
63 128
63 130
63 131
63 134
63 136
63 137
63 139
63 142
63 143
63 145
63 146
63 148
63 149
64 21
64 23
64 25
64 27
64 29
64 31
64 33
64 35
64 37
64 39
64 41
64 43
64 45
64 47
64 49
64 51
64 53
64 55
64 57
64 59
64 61
64 63
64 65
64 67
64 69
64 71
64 73
64 75
64 77
64 79
64 81
64 83
64 85
64 87
64 89
64 91
64 93
64 95
64 97
64 99
64 101
64 103
64 105
64 107
64 109
64 111
64 113
64 115
64 117
64 119
64 121
64 123
64 125
64 127
64 129
64 131
64 133
64 135
64 137
64 139
64 141
64 143
64 145
64 147
64 149
65 21
65 22
65 23
65 24
65 27
65 28
65 29
65 31
65 32
65 33
65 34
65 36
65 37
65 38
65 41
65 42
65 43
65 44
65 46
65 47
65 48
65 49
65 51
65 53
65 54
65 56
65 57
65 58
65 59
65 61
65 62
65 63
65 64
65 66
65 67
65 68
65 69
65 71
65 72
65 73
65 74
65 76
65 77
65 79
65 81
65 82
65 83
65 84
65 86
65 87
65 88
65 89
65 92
65 93
65 94
65 96
65 97
65 98
65 99
65 101
65 102
65 103
65 106
65 107
65 108
65 109
65 111
65 112
65 113
65 114
65 116
65 118
65 119
65 121
65 122
65 123
65 124
65 126
65 127
65 128
65 129
65 131
65 132
65 133
65 134
65 136
65 137
65 138
65 139
65 141
65 142
65 144
65 146
65 147
65 148
65 149
66 23
66 25
66 29
66 31
66 35
66 37
66 41
66 43
66 47
66 49
66 53
66 59
66 61
66 65
66 67
66 71
66 73
66 79
66 83
66 85
66 89
66 91
66 95
66 97
66 101
66 103
66 107
66 109
66 113
66 115
66 119
66 125
66 127
66 131
66 133
66 137
66 139
66 145
66 149
67 20
67 21
67 22
67 23
67 24
67 25
67 26
67 27
67 28
67 29
67 30
67 31
67 32
67 33
67 34
67 35
67 36
67 37
67 38
67 39
67 40
67 41
67 42
67 43
67 44
67 45
67 46
67 47
67 48
67 49
67 50
67 51
67 52
67 53
67 54
67 55
67 56
67 57
67 58
67 59
67 60
67 61
67 62
67 63
67 64
67 65
67 66
67 68
67 69
67 70
67 71
67 72
67 73
67 74
67 75
67 76
67 77
67 78
67 79
67 80
67 81
67 82
67 83
67 84
67 85
67 86
67 87
67 88
67 89
67 90
67 91
67 92
67 93
67 94
67 95
67 96
67 97
67 98
67 99
67 100
67 101
67 102
67 103
67 104
67 105
67 106
67 107
67 108
67 109
67 110
67 111
67 112
67 113
67 114
67 115
67 116
67 117
67 118
67 119
67 120
67 121
67 122
67 123
67 124
67 125
67 126
67 127
67 128
67 129
67 130
67 131
67 132
67 133
67 135
67 136
67 137
67 138
67 139
67 140
67 141
67 142
67 143
67 144
67 145
67 146
67 147
67 148
67 149
68 21
68 23
68 25
68 27
68 29
68 31
68 33
68 35
68 37
68 39
68 41
68 43
68 45
68 47
68 49
68 53
68 55
68 57
68 59
68 61
68 63
68 65
68 67
68 69
68 71
68 73
68 75
68 77
68 79
68 81
68 83
68 87
68 89
68 91
68 93
68 95
68 97
68 99
68 101
68 103
68 105
68 107
68 109
68 111
68 113
68 115
68 117
68 121
68 123
68 125
68 127
68 129
68 131
68 133
68 135
68 137
68 139
68 141
68 143
68 145
68 147
68 149
69 20
69 22
69 25
69 26
69 28
69 29
69 31
69 32
69 34
69 35
69 37
69 38
69 40
69 41
69 43
69 44
69 47
69 49
69 50
69 52
69 53
69 55
69 56
69 58
69 59
69 61
69 62
69 64
69 65
69 67
69 68
69 70
69 71
69 73
69 74
69 76
69 77
69 79
69 80
69 82
69 83
69 85
69 86
69 88
69 89
69 91
69 94
69 95
69 97
69 98
69 100
69 101
69 103
69 104
69 106
69 107
69 109
69 110
69 112
69 113
69 116
69 118
69 119
69 121
69 122
69 124
69 125
69 127
69 128
69 130
69 131
69 133
69 134
69 136
69 137
69 139
69 140
69 142
69 143
69 145
69 146
69 148
69 149
70 23
70 27
70 29
70 31
70 33
70 37
70 39
70 41
70 43
70 47
70 51
70 53
70 57
70 59
70 61
70 67
70 69
70 71
70 73
70 79
70 81
70 83
70 87
70 89
70 93
70 97
70 99
70 101
70 103
70 107
70 109
70 111
70 113
70 117
70 121
70 123
70 127
70 129
70 131
70 137
70 139
70 141
70 143
70 149
71 20
71 21
71 22
71 23
71 24
71 25
71 26
71 27
71 28
71 29
71 30
71 31
71 32
71 33
71 34
71 35
71 36
71 37
71 38
71 39
71 40
71 41
71 42
71 43
71 44
71 45
71 46
71 47
71 48
71 49
71 50
71 51
71 52
71 53
71 54
71 55
71 56
71 57
71 58
71 59
71 60
71 61
71 62
71 63
71 64
71 65
71 66
71 67
71 68
71 69
71 70
71 72
71 73
71 74
71 75
71 76
71 77
71 78
71 79
71 80
71 81
71 82
71 83
71 84
71 85
71 86
71 87
71 88
71 89
71 90
71 91
71 92
71 93
71 94
71 95
71 96
71 97
71 98
71 99
71 100
71 101
71 102
71 103
71 104
71 105
71 106
71 107
71 108
71 109
71 110
71 111
71 112
71 113
71 114
71 115
71 116
71 117
71 118
71 119
71 120
71 121
71 122
71 123
71 124
71 125
71 126
71 127
71 128
71 129
71 130
71 131
71 132
71 133
71 134
71 135
71 136
71 137
71 138
71 139
71 140
71 141
71 143
71 144
71 145
71 146
71 147
71 148
71 149
72 23
72 25
72 29
72 31
72 35
72 37
72 41
72 43
72 47
72 49
72 53
72 55
72 59
72 61
72 65
72 67
72 71
72 73
72 77
72 79
72 83
72 85
72 89
72 91
72 95
72 97
72 101
72 103
72 107
72 109
72 113
72 115
72 119
72 121
72 125
72 127
72 131
72 133
72 137
72 139
72 143
72 145
72 149
73 20
73 21
73 22
73 23
73 24
73 25
73 26
73 27
73 28
73 29
73 30
73 31
73 32
73 33
73 34
73 35
73 36
73 37
73 38
73 39
73 40
73 41
73 42
73 43
73 44
73 45
73 46
73 47
73 48
73 49
73 50
73 51
73 52
73 53
73 54
73 55
73 56
73 57
73 58
73 59
73 60
73 61
73 62
73 63
73 64
73 65
73 66
73 67
73 68
73 69
73 70
73 71
73 72
73 74
73 75
73 76
73 77
73 78
73 79
73 80
73 81
73 82
73 83
73 84
73 85
73 86
73 87
73 88
73 89
73 90
73 91
73 92
73 93
73 94
73 95
73 96
73 97
73 98
73 99
73 100
73 101
73 102
73 103
73 104
73 105
73 106
73 107
73 108
73 109
73 110
73 111
73 112
73 113
73 114
73 115
73 116
73 117
73 118
73 119
73 120
73 121
73 122
73 123
73 124
73 125
73 126
73 127
73 128
73 129
73 130
73 131
73 132
73 133
73 134
73 135
73 136
73 137
73 138
73 139
73 140
73 141
73 142
73 143
73 144
73 145
73 147
73 148
73 149
74 21
74 23
74 25
74 27
74 29
74 31
74 33
74 35
74 39
74 41
74 43
74 45
74 47
74 49
74 51
74 53
74 55
74 57
74 59
74 61
74 63
74 65
74 67
74 69
74 71
74 73
74 75
74 77
74 79
74 81
74 83
74 85
74 87
74 89
74 91
74 93
74 95
74 97
74 99
74 101
74 103
74 105
74 107
74 109
74 113
74 115
74 117
74 119
74 121
74 123
74 125
74 127
74 129
74 131
74 133
74 135
74 137
74 139
74 141
74 143
74 145
74 147
74 149
75 22
75 23
75 26
75 28
75 29
75 31
75 32
75 34
75 37
75 38
75 41
75 43
75 44
75 46
75 47
75 49
75 52
75 53
75 56
75 58
75 59
75 61
75 62
75 64
75 67
75 68
75 71
75 73
75 74
75 76
75 77
75 79
75 82
75 83
75 86
75 88
75 89
75 91
75 92
75 94
75 97
75 98
75 101
75 103
75 104
75 106
75 107
75 109
75 112
75 113
75 116
75 118
75 119
75 121
75 122
75 124
75 127
75 128
75 131
75 133
75 134
75 136
75 137
75 139
75 142
75 143
75 146
75 148
75 149
76 21
76 23
76 25
76 27
76 29
76 31
76 33
76 35
76 37
76 39
76 41
76 43
76 45
76 47
76 49
76 51
76 53
76 55
76 59
76 61
76 63
76 65
76 67
76 69
76 71
76 73
76 75
76 77
76 79
76 81
76 83
76 85
76 87
76 89
76 91
76 93
76 97
76 99
76 101
76 103
76 105
76 107
76 109
76 111
76 113
76 115
76 117
76 119
76 121
76 123
76 125
76 127
76 129
76 131
76 135
76 137
76 139
76 141
76 143
76 145
76 147
76 149
77 20
77 23
77 24
77 25
77 26
77 27
77 29
77 30
77 31
77 32
77 34
77 36
77 37
77 38
77 39
77 40
77 41
77 43
77 45
77 46
77 47
77 48
77 50
77 51
77 52
77 53
77 54
77 57
77 58
77 59
77 60
77 61
77 62
77 64
77 65
77 67
77 68
77 69
77 71
77 72
77 73
77 74
77 75
77 76
77 78
77 79
77 80
77 81
77 82
77 83
77 85
77 86
77 87
77 89
77 90
77 92
77 93
77 94
77 95
77 96
77 97
77 100
77 101
77 102
77 103
77 104
77 106
77 107
77 108
77 109
77 111
77 113
77 114
77 115
77 116
77 117
77 118
77 120
77 122
77 123
77 124
77 125
77 127
77 128
77 129
77 130
77 131
77 134
77 135
77 136
77 137
77 138
77 139
77 141
77 142
77 144
77 145
77 146
77 148
77 149
78 23
78 25
78 29
78 31
78 35
78 37
78 41
78 43
78 47
78 49
78 53
78 55
78 59
78 61
78 67
78 71
78 73
78 77
78 79
78 83
78 85
78 89
78 95
78 97
78 101
78 103
78 107
78 109
78 113
78 115
78 119
78 121
78 125
78 127
78 131
78 133
78 137
78 139
78 145
78 149
79 20
79 21
79 22
79 23
79 24
79 25
79 26
79 27
79 28
79 29
79 30
79 31
79 32
79 33
79 34
79 35
79 36
79 37
79 38
79 39
79 40
79 41
79 42
79 43
79 44
79 45
79 46
79 47
79 48
79 49
79 50
79 51
79 52
79 53
79 54
79 55
79 56
79 57
79 58
79 59
79 60
79 61
79 62
79 63
79 64
79 65
79 66
79 67
79 68
79 69
79 70
79 71
79 72
79 73
79 74
79 75
79 76
79 77
79 78
79 80
79 81
79 82
79 83
79 84
79 85
79 86
79 87
79 88
79 89
79 90
79 91
79 92
79 93
79 94
79 95
79 96
79 97
79 98
79 99
79 100
79 101
79 102
79 103
79 104
79 105
79 106
79 107
79 108
79 109
79 110
79 111
79 112
79 113
79 114
79 115
79 116
79 117
79 118
79 119
79 120
79 121
79 122
79 123
79 124
79 125
79 126
79 127
79 128
79 129
79 130
79 131
79 132
79 133
79 134
79 135
79 136
79 137
79 138
79 139
79 140
79 141
79 142
79 143
79 144
79 145
79 146
79 147
79 148
79 149
80 21
80 23
80 27
80 29
80 31
80 33
80 37
80 39
80 41
80 43
80 47
80 49
80 51
80 53
80 57
80 59
80 61
80 63
80 67
80 69
80 71
80 73
80 77
80 79
80 81
80 83
80 87
80 89
80 91
80 93
80 97
80 99
80 101
80 103
80 107
80 109
80 111
80 113
80 117
80 119
80 121
80 123
80 127
80 129
80 131
80 133
80 137
80 139
80 141
80 143
80 147
80 149
81 20
81 22
81 23
81 25
81 26
81 28
81 29
81 31
81 32
81 34
81 35
81 37
81 38
81 40
81 41
81 43
81 44
81 46
81 47
81 49
81 50
81 52
81 53
81 55
81 56
81 58
81 59
81 61
81 62
81 64
81 65
81 67
81 68
81 70
81 71
81 73
81 74
81 76
81 77
81 79
81 80
81 82
81 83
81 85
81 86
81 88
81 89
81 91
81 92
81 94
81 95
81 97
81 98
81 100
81 101
81 103
81 104
81 106
81 107
81 109
81 110
81 112
81 113
81 115
81 116
81 118
81 119
81 121
81 122
81 124
81 125
81 127
81 128
81 130
81 131
81 133
81 134
81 136
81 137
81 139
81 140
81 142
81 143
81 145
81 146
81 148
81 149
82 21
82 23
82 25
82 27
82 29
82 31
82 33
82 35
82 37
82 39
82 43
82 45
82 47
82 49
82 51
82 53
82 55
82 57
82 59
82 61
82 63
82 65
82 67
82 69
82 71
82 73
82 75
82 77
82 79
82 81
82 83
82 85
82 87
82 89
82 91
82 93
82 95
82 97
82 99
82 101
82 103
82 105
82 107
82 109
82 111
82 113
82 115
82 117
82 119
82 121
82 125
82 127
82 129
82 131
82 133
82 135
82 137
82 139
82 141
82 143
82 145
82 147
82 149
83 20
83 21
83 22
83 23
83 24
83 25
83 26
83 27
83 28
83 29
83 30
83 31
83 32
83 33
83 34
83 35
83 36
83 37
83 38
83 39
83 40
83 41
83 42
83 43
83 44
83 45
83 46
83 47
83 48
83 49
83 50
83 51
83 52
83 53
83 54
83 55
83 56
83 57
83 58
83 59
83 60
83 61
83 62
83 63
83 64
83 65
83 66
83 67
83 68
83 69
83 70
83 71
83 72
83 73
83 74
83 75
83 76
83 77
83 78
83 79
83 80
83 81
83 82
83 84
83 85
83 86
83 87
83 88
83 89
83 90
83 91
83 92
83 93
83 94
83 95
83 96
83 97
83 98
83 99
83 100
83 101
83 102
83 103
83 104
83 105
83 106
83 107
83 108
83 109
83 110
83 111
83 112
83 113
83 114
83 115
83 116
83 117
83 118
83 119
83 120
83 121
83 122
83 123
83 124
83 125
83 126
83 127
83 128
83 129
83 130
83 131
83 132
83 133
83 134
83 135
83 136
83 137
83 138
83 139
83 140
83 141
83 142
83 143
83 144
83 145
83 146
83 147
83 148
83 149
84 23
84 25
84 29
84 31
84 37
84 41
84 43
84 47
84 53
84 55
84 59
84 61
84 65
84 67
84 71
84 73
84 79
84 83
84 85
84 89
84 95
84 97
84 101
84 103
84 107
84 109
84 113
84 115
84 121
84 125
84 127
84 131
84 137
84 139
84 143
84 145
84 149
85 21
85 22
85 23
85 24
85 26
85 27
85 28
85 29
85 31
85 32
85 33
85 36
85 37
85 38
85 39
85 41
85 42
85 43
85 44
85 46
85 47
85 48
85 49
85 52
85 53
85 54
85 56
85 57
85 58
85 59
85 61
85 62
85 63
85 64
85 66
85 67
85 69
85 71
85 72
85 73
85 74
85 76
85 77
85 78
85 79
85 81
85 82
85 83
85 84
85 86
85 87
85 88
85 89
85 91
85 92
85 93
85 94
85 96
85 97
85 98
85 99
85 101
85 103
85 104
85 106
85 107
85 108
85 109
85 111
85 112
85 113
85 114
85 116
85 117
85 118
85 121
85 122
85 123
85 124
85 126
85 127
85 128
85 129
85 131
85 132
85 133
85 134
85 137
85 138
85 139
85 141
85 142
85 143
85 144
85 146
85 147
85 148
85 149
86 21
86 23
86 25
86 27
86 29
86 31
86 33
86 35
86 37
86 39
86 41
86 45
86 47
86 49
86 51
86 53
86 55
86 57
86 59
86 61
86 63
86 65
86 67
86 69
86 71
86 73
86 75
86 77
86 79
86 81
86 83
86 85
86 87
86 89
86 91
86 93
86 95
86 97
86 99
86 101
86 103
86 105
86 107
86 109
86 111
86 113
86 115
86 117
86 119
86 121
86 123
86 125
86 127
86 131
86 133
86 135
86 137
86 139
86 141
86 143
86 145
86 147
86 149
87 20
87 22
87 23
87 25
87 26
87 28
87 31
87 32
87 34
87 35
87 37
87 38
87 40
87 41
87 43
87 44
87 46
87 47
87 49
87 50
87 52
87 53
87 55
87 56
87 59
87 61
87 62
87 64
87 65
87 67
87 68
87 70
87 71
87 73
87 74
87 76
87 77
87 79
87 80
87 82
87 83
87 85
87 86
87 88
87 89
87 91
87 92
87 94
87 95
87 97
87 98
87 100
87 101
87 103
87 104
87 106
87 107
87 109
87 110
87 112
87 113
87 115
87 118
87 119
87 121
87 122
87 124
87 125
87 127
87 128
87 130
87 131
87 133
87 134
87 136
87 137
87 139
87 140
87 142
87 143
87 146
87 148
87 149
88 21
88 23
88 25
88 27
88 29
88 31
88 35
88 37
88 39
88 41
88 43
88 45
88 47
88 49
88 51
88 53
88 57
88 59
88 61
88 63
88 65
88 67
88 69
88 71
88 73
88 75
88 79
88 81
88 83
88 85
88 87
88 89
88 91
88 93
88 95
88 97
88 101
88 103
88 105
88 107
88 109
88 111
88 113
88 115
88 117
88 119
88 123
88 125
88 127
88 129
88 131
88 133
88 135
88 137
88 139
88 141
88 145
88 147
88 149
89 20
89 21
89 22
89 23
89 24
89 25
89 26
89 27
89 28
89 29
89 30
89 31
89 32
89 33
89 34
89 35
89 36
89 37
89 38
89 39
89 40
89 41
89 42
89 43
89 44
89 45
89 46
89 47
89 48
89 49
89 50
89 51
89 52
89 53
89 54
89 55
89 56
89 57
89 58
89 59
89 60
89 61
89 62
89 63
89 64
89 65
89 66
89 67
89 68
89 69
89 70
89 71
89 72
89 73
89 74
89 75
89 76
89 77
89 78
89 79
89 80
89 81
89 82
89 83
89 84
89 85
89 86
89 87
89 88
89 90
89 91
89 92
89 93
89 94
89 95
89 96
89 97
89 98
89 99
89 100
89 101
89 102
89 103
89 104
89 105
89 106
89 107
89 108
89 109
89 110
89 111
89 112
89 113
89 114
89 115
89 116
89 117
89 118
89 119
89 120
89 121
89 122
89 123
89 124
89 125
89 126
89 127
89 128
89 129
89 130
89 131
89 132
89 133
89 134
89 135
89 136
89 137
89 138
89 139
89 140
89 141
89 142
89 143
89 144
89 145
89 146
89 147
89 148
89 149
90 23
90 29
90 31
90 37
90 41
90 43
90 47
90 49
90 53
90 59
90 61
90 67
90 71
90 73
90 77
90 79
90 83
90 89
90 91
90 97
90 101
90 103
90 107
90 109
90 113
90 119
90 121
90 127
90 131
90 133
90 137
90 139
90 143
90 149
91 20
91 22
91 23
91 24
91 25
91 27
91 29
91 30
91 31
91 32
91 33
91 34
91 36
91 37
91 38
91 40
91 41
91 43
91 44
91 45
91 46
91 47
91 48
91 50
91 51
91 53
91 54
91 55
91 57
91 58
91 59
91 60
91 61
91 62
91 64
91 66
91 67
91 68
91 69
91 71
91 72
91 73
91 74
91 75
91 76
91 79
91 80
91 81
91 82
91 83
91 85
91 86
91 87
91 88
91 89
91 90
91 92
91 93
91 94
91 95
91 96
91 97
91 99
91 100
91 101
91 102
91 103
91 106
91 107
91 108
91 109
91 110
91 111
91 113
91 114
91 115
91 116
91 118
91 120
91 121
91 122
91 123
91 124
91 125
91 127
91 128
91 129
91 131
91 132
91 134
91 135
91 136
91 137
91 138
91 139
91 141
91 142
91 144
91 145
91 146
91 148
91 149
92 21
92 25
92 27
92 29
92 31
92 33
92 35
92 37
92 39
92 41
92 43
92 45
92 47
92 49
92 51
92 53
92 55
92 57
92 59
92 61
92 63
92 65
92 67
92 71
92 73
92 75
92 77
92 79
92 81
92 83
92 85
92 87
92 89
92 91
92 93
92 95
92 97
92 99
92 101
92 103
92 105
92 107
92 109
92 111
92 113
92 117
92 119
92 121
92 123
92 125
92 127
92 129
92 131
92 133
92 135
92 137
92 139
92 141
92 143
92 145
92 147
92 149
93 20
93 22
93 23
93 25
93 26
93 28
93 29
93 32
93 34
93 35
93 37
93 38
93 40
93 41
93 43
93 44
93 46
93 47
93 49
93 50
93 52
93 53
93 55
93 56
93 58
93 59
93 61
93 64
93 65
93 67
93 68
93 70
93 71
93 73
93 74
93 76
93 77
93 79
93 80
93 82
93 83
93 85
93 86
93 88
93 89
93 91
93 92
93 94
93 95
93 97
93 98
93 100
93 101
93 103
93 104
93 106
93 107
93 109
93 110
93 112
93 113
93 115
93 116
93 118
93 119
93 121
93 122
93 125
93 127
93 128
93 130
93 131
93 133
93 134
93 136
93 137
93 139
93 140
93 142
93 143
93 145
93 146
93 148
93 149
94 21
94 23
94 25
94 27
94 29
94 31
94 33
94 35
94 37
94 39
94 41
94 43
94 45
94 49
94 51
94 53
94 55
94 57
94 59
94 61
94 63
94 65
94 67
94 69
94 71
94 73
94 75
94 77
94 79
94 81
94 83
94 85
94 87
94 89
94 91
94 93
94 95
94 97
94 99
94 101
94 103
94 105
94 107
94 109
94 111
94 113
94 115
94 117
94 119
94 121
94 123
94 125
94 127
94 129
94 131
94 133
94 135
94 137
94 139
94 143
94 145
94 147
94 149
95 21
95 22
95 23
95 24
95 26
95 27
95 28
95 29
95 31
95 32
95 33
95 34
95 36
95 37
95 39
95 41
95 42
95 43
95 44
95 46
95 47
95 48
95 49
95 51
95 52
95 53
95 54
95 56
95 58
95 59
95 61
95 62
95 63
95 64
95 66
95 67
95 68
95 69
95 71
95 72
95 73
95 74
95 77
95 78
95 79
95 81
95 82
95 83
95 84
95 86
95 87
95 88
95 89
95 91
95 92
95 93
95 94
95 96
95 97
95 98
95 99
95 101
95 102
95 103
95 104
95 106
95 107
95 108
95 109
95 111
95 112
95 113
95 116
95 117
95 118
95 119
95 121
95 122
95 123
95 124
95 126
95 127
95 128
95 129
95 131
95 132
95 134
95 136
95 137
95 138
95 139
95 141
95 142
95 143
95 144
95 146
95 147
95 148
95 149
96 23
96 25
96 29
96 31
96 35
96 37
96 41
96 43
96 47
96 49
96 53
96 55
96 59
96 61
96 65
96 67
96 71
96 73
96 77
96 79
96 83
96 85
96 89
96 91
96 95
96 97
96 101
96 103
96 107
96 109
96 113
96 115
96 119
96 121
96 125
96 127
96 131
96 133
96 137
96 139
96 143
96 145
96 149
97 20
97 21
97 22
97 23
97 24
97 25
97 26
97 27
97 28
97 29
97 30
97 31
97 32
97 33
97 34
97 35
97 36
97 37
97 38
97 39
97 40
97 41
97 42
97 43
97 44
97 45
97 46
97 47
97 48
97 49
97 50
97 51
97 52
97 53
97 54
97 55
97 56
97 57
97 58
97 59
97 60
97 61
97 62
97 63
97 64
97 65
97 66
97 67
97 68
97 69
97 70
97 71
97 72
97 73
97 74
97 75
97 76
97 77
97 78
97 79
97 80
97 81
97 82
97 83
97 84
97 85
97 86
97 87
97 88
97 89
97 90
97 91
97 92
97 93
97 94
97 95
97 96
97 98
97 99
97 100
97 101
97 102
97 103
97 104
97 105
97 106
97 107
97 108
97 109
97 110
97 111
97 112
97 113
97 114
97 115
97 116
97 117
97 118
97 119
97 120
97 121
97 122
97 123
97 124
97 125
97 126
97 127
97 128
97 129
97 130
97 131
97 132
97 133
97 134
97 135
97 136
97 137
97 138
97 139
97 140
97 141
97 142
97 143
97 144
97 145
97 146
97 147
97 148
97 149
98 23
98 25
98 27
98 29
98 31
98 33
98 37
98 39
98 41
98 43
98 45
98 47
98 51
98 53
98 55
98 57
98 59
98 61
98 65
98 67
98 69
98 71
98 73
98 75
98 79
98 81
98 83
98 85
98 87
98 89
98 93
98 95
98 97
98 99
98 101
98 103
98 107
98 109
98 111
98 113
98 115
98 117
98 121
98 123
98 125
98 127
98 129
98 131
98 135
98 137
98 139
98 141
98 143
98 145
98 149
99 20
99 23
99 25
99 26
99 28
99 29
99 31
99 32
99 34
99 35
99 37
99 38
99 40
99 41
99 43
99 46
99 47
99 49
99 50
99 52
99 53
99 56
99 58
99 59
99 61
99 62
99 64
99 65
99 67
99 68
99 70
99 71
99 73
99 74
99 76
99 79
99 80
99 82
99 83
99 85
99 86
99 89
99 91
99 92
99 94
99 95
99 97
99 98
99 100
99 101
99 103
99 104
99 106
99 107
99 109
99 112
99 113
99 115
99 116
99 118
99 119
99 122
99 124
99 125
99 127
99 128
99 130
99 131
99 133
99 134
99 136
99 137
99 139
99 140
99 142
99 145
99 146
99 148
99 149
100 21
100 23
100 27
100 29
100 31
100 33
100 37
100 39
100 41
100 43
100 47
100 49
100 51
100 53
100 57
100 59
100 61
100 63
100 67
100 69
100 71
100 73
100 77
100 79
100 81
100 83
100 87
100 89
100 91
100 93
100 97
100 99
100 101
100 103
100 107
100 109
100 111
100 113
100 117
100 119
100 121
100 123
100 127
100 129
100 131
100 133
100 137
100 139
100 141
100 143
100 147
100 149
101 20
101 21
101 22
101 23
101 24
101 25
101 26
101 27
101 28
101 29
101 30
101 31
101 32
101 33
101 34
101 35
101 36
101 37
101 38
101 39
101 40
101 41
101 42
101 43
101 44
101 45
101 46
101 47
101 48
101 49
101 50
101 51
101 52
101 53
101 54
101 55
101 56
101 57
101 58
101 59
101 60
101 61
101 62
101 63
101 64
101 65
101 66
101 67
101 68
101 69
101 70
101 71
101 72
101 73
101 74
101 75
101 76
101 77
101 78
101 79
101 80
101 81
101 82
101 83
101 84
101 85
101 86
101 87
101 88
101 89
101 90
101 91
101 92
101 93
101 94
101 95
101 96
101 97
101 98
101 99
101 100
101 102
101 103
101 104
101 105
101 106
101 107
101 108
101 109
101 110
101 111
101 112
101 113
101 114
101 115
101 116
101 117
101 118
101 119
101 120
101 121
101 122
101 123
101 124
101 125
101 126
101 127
101 128
101 129
101 130
101 131
101 132
101 133
101 134
101 135
101 136
101 137
101 138
101 139
101 140
101 141
101 142
101 143
101 144
101 145
101 146
101 147
101 148
101 149
102 23
102 25
102 29
102 31
102 35
102 37
102 41
102 43
102 47
102 49
102 53
102 55
102 59
102 61
102 65
102 67
102 71
102 73
102 77
102 79
102 83
102 89
102 91
102 95
102 97
102 101
102 103
102 107
102 109
102 113
102 115
102 121
102 125
102 127
102 131
102 133
102 137
102 139
102 143
102 145
102 149
103 20
103 21
103 22
103 23
103 24
103 25
103 26
103 27
103 28
103 29
103 30
103 31
103 32
103 33
103 34
103 35
103 36
103 37
103 38
103 39
103 40
103 41
103 42
103 43
103 44
103 45
103 46
103 47
103 48
103 49
103 50
103 51
103 52
103 53
103 54
103 55
103 56
103 57
103 58
103 59
103 60
103 61
103 62
103 63
103 64
103 65
103 66
103 67
103 68
103 69
103 70
103 71
103 72
103 73
103 74
103 75
103 76
103 77
103 78
103 79
103 80
103 81
103 82
103 83
103 84
103 85
103 86
103 87
103 88
103 89
103 90
103 91
103 92
103 93
103 94
103 95
103 96
103 97
103 98
103 99
103 100
103 101
103 102
103 104
103 105
103 106
103 107
103 108
103 109
103 110
103 111
103 112
103 113
103 114
103 115
103 116
103 117
103 118
103 119
103 120
103 121
103 122
103 123
103 124
103 125
103 126
103 127
103 128
103 129
103 130
103 131
103 132
103 133
103 134
103 135
103 136
103 137
103 138
103 139
103 140
103 141
103 142
103 143
103 144
103 145
103 146
103 147
103 148
103 149
104 21
104 23
104 25
104 27
104 29
104 31
104 33
104 35
104 37
104 41
104 43
104 45
104 47
104 49
104 51
104 53
104 55
104 57
104 59
104 61
104 63
104 67
104 69
104 71
104 73
104 75
104 77
104 79
104 81
104 83
104 85
104 87
104 89
104 93
104 95
104 97
104 99
104 101
104 103
104 105
104 107
104 109
104 111
104 113
104 115
104 119
104 121
104 123
104 125
104 127
104 129
104 131
104 133
104 135
104 137
104 139
104 141
104 145
104 147
104 149
105 22
105 23
105 26
105 29
105 31
105 32
105 34
105 37
105 38
105 41
105 43
105 44
105 46
105 47
105 52
105 53
105 58
105 59
105 61
105 62
105 64
105 67
105 68
105 71
105 73
105 74
105 76
105 79
105 82
105 83
105 86
105 88
105 89
105 92
105 94
105 97
105 101
105 103
105 104
105 106
105 107
105 109
105 113
105 116
105 118
105 121
105 122
105 124
105 127
105 128
105 131
105 134
105 136
105 137
105 139
105 142
105 143
105 146
105 148
105 149
106 21
106 23
106 25
106 27
106 29
106 31
106 33
106 35
106 37
106 39
106 41
106 43
106 45
106 47
106 49
106 51
106 55
106 57
106 59
106 61
106 63
106 65
106 67
106 69
106 71
106 73
106 75
106 77
106 79
106 81
106 83
106 85
106 87
106 89
106 91
106 93
106 95
106 97
106 99
106 101
106 103
106 105
106 107
106 109
106 111
106 113
106 115
106 117
106 119
106 121
106 123
106 125
106 127
106 129
106 131
106 133
106 135
106 137
106 139
106 141
106 143
106 145
106 147
106 149
107 20
107 21
107 22
107 23
107 24
107 25
107 26
107 27
107 28
107 29
107 30
107 31
107 32
107 33
107 34
107 35
107 36
107 37
107 38
107 39
107 40
107 41
107 42
107 43
107 44
107 45
107 46
107 47
107 48
107 49
107 50
107 51
107 52
107 53
107 54
107 55
107 56
107 57
107 58
107 59
107 60
107 61
107 62
107 63
107 64
107 65
107 66
107 67
107 68
107 69
107 70
107 71
107 72
107 73
107 74
107 75
107 76
107 77
107 78
107 79
107 80
107 81
107 82
107 83
107 84
107 85
107 86
107 87
107 88
107 89
107 90
107 91
107 92
107 93
107 94
107 95
107 96
107 97
107 98
107 99
107 100
107 101
107 102
107 103
107 104
107 105
107 106
107 108
107 109
107 110
107 111
107 112
107 113
107 114
107 115
107 116
107 117
107 118
107 119
107 120
107 121
107 122
107 123
107 124
107 125
107 126
107 127
107 128
107 129
107 130
107 131
107 132
107 133
107 134
107 135
107 136
107 137
107 138
107 139
107 140
107 141
107 142
107 143
107 144
107 145
107 146
107 147
107 148
107 149
108 23
108 25
108 29
108 31
108 35
108 37
108 41
108 43
108 47
108 49
108 53
108 55
108 59
108 61
108 65
108 67
108 71
108 73
108 77
108 79
108 83
108 85
108 89
108 91
108 95
108 97
108 101
108 103
108 107
108 109
108 113
108 115
108 119
108 121
108 125
108 127
108 131
108 133
108 137
108 139
108 143
108 145
108 149
109 20
109 21
109 22
109 23
109 24
109 25
109 26
109 27
109 28
109 29
109 30
109 31
109 32
109 33
109 34
109 35
109 36
109 37
109 38
109 39
109 40
109 41
109 42
109 43
109 44
109 45
109 46
109 47
109 48
109 49
109 50
109 51
109 52
109 53
109 54
109 55
109 56
109 57
109 58
109 59
109 60
109 61
109 62
109 63
109 64
109 65
109 66
109 67
109 68
109 69
109 70
109 71
109 72
109 73
109 74
109 75
109 76
109 77
109 78
109 79
109 80
109 81
109 82
109 83
109 84
109 85
109 86
109 87
109 88
109 89
109 90
109 91
109 92
109 93
109 94
109 95
109 96
109 97
109 98
109 99
109 100
109 101
109 102
109 103
109 104
109 105
109 106
109 107
109 108
109 110
109 111
109 112
109 113
109 114
109 115
109 116
109 117
109 118
109 119
109 120
109 121
109 122
109 123
109 124
109 125
109 126
109 127
109 128
109 129
109 130
109 131
109 132
109 133
109 134
109 135
109 136
109 137
109 138
109 139
109 140
109 141
109 142
109 143
109 144
109 145
109 146
109 147
109 148
109 149
110 21
110 23
110 27
110 29
110 31
110 37
110 39
110 41
110 43
110 47
110 49
110 51
110 53
110 57
110 59
110 61
110 63
110 67
110 69
110 71
110 73
110 79
110 81
110 83
110 87
110 89
110 91
110 93
110 97
110 101
110 103
110 107
110 109
110 111
110 113
110 117
110 119
110 123
110 127
110 129
110 131
110 133
110 137
110 139
110 141
110 147
110 149
111 20
111 22
111 23
111 25
111 26
111 28
111 29
111 31
111 32
111 34
111 35
111 38
111 40
111 41
111 43
111 44
111 46
111 47
111 49
111 50
111 52
111 53
111 55
111 56
111 58
111 59
111 61
111 62
111 64
111 65
111 67
111 68
111 70
111 71
111 73
111 76
111 77
111 79
111 80
111 82
111 83
111 85
111 86
111 88
111 89
111 91
111 92
111 94
111 95
111 97
111 98
111 100
111 101
111 103
111 104
111 106
111 107
111 109
111 110
111 112
111 113
111 115
111 116
111 118
111 119
111 121
111 122
111 124
111 125
111 127
111 128
111 130
111 131
111 133
111 134
111 136
111 137
111 139
111 140
111 142
111 143
111 145
111 146
111 149
112 23
112 25
112 27
112 29
112 31
112 33
112 37
112 39
112 41
112 43
112 45
112 47
112 51
112 53
112 55
112 57
112 59
112 61
112 65
112 67
112 69
112 71
112 73
112 75
112 79
112 81
112 83
112 85
112 87
112 89
112 93
112 95
112 97
112 99
112 101
112 103
112 107
112 109
112 111
112 113
112 115
112 117
112 121
112 123
112 125
112 127
112 129
112 131
112 135
112 137
112 139
112 141
112 143
112 145
112 149
113 20
113 21
113 22
113 23
113 24
113 25
113 26
113 27
113 28
113 29
113 30
113 31
113 32
113 33
113 34
113 35
113 36
113 37
113 38
113 39
113 40
113 41
113 42
113 43
113 44
113 45
113 46
113 47
113 48
113 49
113 50
113 51
113 52
113 53
113 54
113 55
113 56
113 57
113 58
113 59
113 60
113 61
113 62
113 63
113 64
113 65
113 66
113 67
113 68
113 69
113 70
113 71
113 72
113 73
113 74
113 75
113 76
113 77
113 78
113 79
113 80
113 81
113 82
113 83
113 84
113 85
113 86
113 87
113 88
113 89
113 90
113 91
113 92
113 93
113 94
113 95
113 96
113 97
113 98
113 99
113 100
113 101
113 102
113 103
113 104
113 105
113 106
113 107
113 108
113 109
113 110
113 111
113 112
113 114
113 115
113 116
113 117
113 118
113 119
113 120
113 121
113 122
113 123
113 124
113 125
113 126
113 127
113 128
113 129
113 130
113 131
113 132
113 133
113 134
113 135
113 136
113 137
113 138
113 139
113 140
113 141
113 142
113 143
113 144
113 145
113 146
113 147
113 148
113 149
114 23
114 25
114 29
114 31
114 35
114 37
114 41
114 43
114 47
114 49
114 53
114 55
114 59
114 61
114 65
114 67
114 71
114 73
114 77
114 79
114 83
114 85
114 89
114 91
114 97
114 101
114 103
114 107
114 109
114 113
114 115
114 119
114 121
114 125
114 127
114 131
114 137
114 139
114 143
114 145
114 149
115 21
115 22
115 24
115 26
115 27
115 28
115 29
115 31
115 32
115 33
115 34
115 36
115 37
115 38
115 39
115 41
115 42
115 43
115 44
115 47
115 48
115 49
115 51
115 52
115 53
115 54
115 56
115 57
115 58
115 59
115 61
115 62
115 63
115 64
115 66
115 67
115 68
115 71
115 72
115 73
115 74
115 76
115 77
115 78
115 79
115 81
115 82
115 83
115 84
115 86
115 87
115 88
115 89
115 91
115 93
115 94
115 96
115 97
115 98
115 99
115 101
115 102
115 103
115 104
115 106
115 107
115 108
115 109
115 111
115 112
115 113
115 114
115 116
115 117
115 118
115 119
115 121
115 122
115 123
115 124
115 126
115 127
115 128
115 129
115 131
115 132
115 133
115 134
115 136
115 137
115 139
115 141
115 142
115 143
115 144
115 146
115 147
115 148
115 149
116 21
116 23
116 25
116 27
116 31
116 33
116 35
116 37
116 39
116 41
116 43
116 45
116 47
116 49
116 51
116 53
116 55
116 57
116 59
116 61
116 63
116 65
116 67
116 69
116 71
116 73
116 75
116 77
116 79
116 81
116 83
116 85
116 89
116 91
116 93
116 95
116 97
116 99
116 101
116 103
116 105
116 107
116 109
116 111
116 113
116 115
116 117
116 119
116 121
116 123
116 125
116 127
116 129
116 131
116 133
116 135
116 137
116 139
116 141
116 143
116 147
116 149
117 20
117 22
117 23
117 25
117 28
117 29
117 31
117 32
117 34
117 35
117 37
117 38
117 40
117 41
117 43
117 44
117 46
117 47
117 49
117 50
117 53
117 55
117 56
117 58
117 59
117 61
117 62
117 64
117 67
117 68
117 70
117 71
117 73
117 74
117 76
117 77
117 79
117 80
117 82
117 83
117 85
117 86
117 88
117 89
117 92
117 94
117 95
117 97
117 98
117 100
117 101
117 103
117 106
117 107
117 109
117 110
117 112
117 113
117 115
117 116
117 118
117 119
117 121
117 122
117 124
117 125
117 127
117 128
117 131
117 133
117 134
117 136
117 137
117 139
117 140
117 142
117 145
117 146
117 148
117 149
118 21
118 23
118 25
118 27
118 29
118 31
118 33
118 35
118 37
118 39
118 41
118 43
118 45
118 47
118 49
118 51
118 53
118 55
118 57
118 61
118 63
118 65
118 67
118 69
118 71
118 73
118 75
118 77
118 79
118 81
118 83
118 85
118 87
118 89
118 91
118 93
118 95
118 97
118 99
118 101
118 103
118 105
118 107
118 109
118 111
118 113
118 115
118 117
118 119
118 121
118 123
118 125
118 127
118 129
118 131
118 133
118 135
118 137
118 139
118 141
118 143
118 145
118 147
118 149
119 20
119 22
119 23
119 24
119 25
119 26
119 27
119 29
119 30
119 31
119 32
119 33
119 36
119 37
119 38
119 39
119 40
119 41
119 43
119 44
119 45
119 46
119 47
119 48
119 50
119 52
119 53
119 54
119 55
119 57
119 58
119 59
119 60
119 61
119 62
119 64
119 65
119 66
119 67
119 69
119 71
119 72
119 73
119 74
119 75
119 76
119 78
119 79
119 80
119 81
119 82
119 83
119 86
119 87
119 88
119 89
119 90
119 92
119 93
119 94
119 95
119 96
119 97
119 99
119 100
119 101
119 103
119 104
119 106
119 107
119 108
119 109
119 110
119 111
119 113
119 114
119 115
119 116
119 117
119 118
119 120
119 121
119 122
119 123
119 124
119 125
119 127
119 128
119 129
119 130
119 131
119 132
119 134
119 135
119 137
119 138
119 139
119 141
119 142
119 143
119 144
119 145
119 146
119 148
119 149
120 23
120 29
120 31
120 37
120 41
120 43
120 47
120 49
120 53
120 59
120 61
120 67
120 71
120 73
120 77
120 79
120 83
120 89
120 91
120 97
120 101
120 103
120 107
120 109
120 113
120 119
120 121
120 127
120 131
120 133
120 137
120 139
120 143
120 149
121 20
121 21
121 23
121 24
121 25
121 26
121 27
121 28
121 29
121 30
121 31
121 32
121 34
121 35
121 36
121 37
121 38
121 39
121 40
121 41
121 42
121 43
121 45
121 46
121 47
121 48
121 49
121 50
121 51
121 52
121 53
121 54
121 56
121 57
121 58
121 59
121 60
121 61
121 62
121 63
121 64
121 65
121 67
121 68
121 69
121 70
121 71
121 72
121 73
121 74
121 75
121 76
121 78
121 79
121 80
121 81
121 82
121 83
121 84
121 85
121 86
121 87
121 89
121 90
121 91
121 92
121 93
121 94
121 95
121 96
121 97
121 98
121 100
121 101
121 102
121 103
121 104
121 105
121 106
121 107
121 108
121 109
121 111
121 112
121 113
121 114
121 115
121 116
121 117
121 118
121 119
121 120
121 122
121 123
121 124
121 125
121 126
121 127
121 128
121 129
121 130
121 131
121 133
121 134
121 135
121 136
121 137
121 138
121 139
121 140
121 141
121 142
121 144
121 145
121 146
121 147
121 148
121 149
122 21
122 23
122 25
122 27
122 29
122 31
122 33
122 35
122 37
122 39
122 41
122 43
122 45
122 47
122 49
122 51
122 53
122 55
122 57
122 59
122 63
122 65
122 67
122 69
122 71
122 73
122 75
122 77
122 79
122 81
122 83
122 85
122 87
122 89
122 91
122 93
122 95
122 97
122 99
122 101
122 103
122 105
122 107
122 109
122 111
122 113
122 115
122 117
122 119
122 121
122 123
122 125
122 127
122 129
122 131
122 133
122 135
122 137
122 139
122 141
122 143
122 145
122 147
122 149
123 20
123 22
123 23
123 25
123 26
123 28
123 29
123 31
123 32
123 34
123 35
123 37
123 38
123 40
123 43
123 44
123 46
123 47
123 49
123 50
123 52
123 53
123 55
123 56
123 58
123 59
123 61
123 62
123 64
123 65
123 67
123 68
123 70
123 71
123 73
123 74
123 76
123 77
123 79
123 80
123 83
123 85
123 86
123 88
123 89
123 91
123 92
123 94
123 95
123 97
123 98
123 100
123 101
123 103
123 104
123 106
123 107
123 109
123 110
123 112
123 113
123 115
123 116
123 118
123 119
123 121
123 122
123 124
123 125
123 127
123 128
123 130
123 131
123 133
123 134
123 136
123 137
123 139
123 140
123 142
123 143
123 145
123 146
123 148
123 149
124 21
124 23
124 25
124 27
124 29
124 33
124 35
124 37
124 39
124 41
124 43
124 45
124 47
124 49
124 51
124 53
124 55
124 57
124 59
124 61
124 63
124 65
124 67
124 69
124 71
124 73
124 75
124 77
124 79
124 81
124 83
124 85
124 87
124 89
124 91
124 95
124 97
124 99
124 101
124 103
124 105
124 107
124 109
124 111
124 113
124 115
124 117
124 119
124 121
124 123
124 125
124 127
124 129
124 131
124 133
124 135
124 137
124 139
124 141
124 143
124 145
124 147
124 149
125 21
125 22
125 23
125 24
125 26
125 27
125 28
125 29
125 31
125 32
125 33
125 34
125 36
125 37
125 38
125 39
125 41
125 42
125 43
125 44
125 46
125 47
125 48
125 49
125 51
125 52
125 53
125 54
125 56
125 57
125 58
125 59
125 61
125 62
125 63
125 64
125 66
125 67
125 68
125 69
125 71
125 72
125 73
125 74
125 76
125 77
125 78
125 79
125 81
125 82
125 83
125 84
125 86
125 87
125 88
125 89
125 91
125 92
125 93
125 94
125 96
125 97
125 98
125 99
125 101
125 102
125 103
125 104
125 106
125 107
125 108
125 109
125 111
125 112
125 113
125 114
125 116
125 117
125 118
125 119
125 121
125 122
125 123
125 124
125 126
125 127
125 128
125 129
125 131
125 132
125 133
125 134
125 136
125 137
125 138
125 139
125 141
125 142
125 143
125 144
125 146
125 147
125 148
125 149
126 23
126 25
126 29
126 31
126 37
126 41
126 43
126 47
126 53
126 55
126 59
126 61
126 65
126 67
126 71
126 73
126 79
126 83
126 85
126 89
126 95
126 97
126 101
126 103
126 107
126 109
126 113
126 115
126 121
126 125
126 127
126 131
126 137
126 139
126 143
126 145
126 149
127 20
127 21
127 22
127 23
127 24
127 25
127 26
127 27
127 28
127 29
127 30
127 31
127 32
127 33
127 34
127 35
127 36
127 37
127 38
127 39
127 40
127 41
127 42
127 43
127 44
127 45
127 46
127 47
127 48
127 49
127 50
127 51
127 52
127 53
127 54
127 55
127 56
127 57
127 58
127 59
127 60
127 61
127 62
127 63
127 64
127 65
127 66
127 67
127 68
127 69
127 70
127 71
127 72
127 73
127 74
127 75
127 76
127 77
127 78
127 79
127 80
127 81
127 82
127 83
127 84
127 85
127 86
127 87
127 88
127 89
127 90
127 91
127 92
127 93
127 94
127 95
127 96
127 97
127 98
127 99
127 100
127 101
127 102
127 103
127 104
127 105
127 106
127 107
127 108
127 109
127 110
127 111
127 112
127 113
127 114
127 115
127 116
127 117
127 118
127 119
127 120
127 121
127 122
127 123
127 124
127 125
127 126
127 128
127 129
127 130
127 131
127 132
127 133
127 134
127 135
127 136
127 137
127 138
127 139
127 140
127 141
127 142
127 143
127 144
127 145
127 146
127 147
127 148
127 149
128 21
128 23
128 25
128 27
128 29
128 31
128 33
128 35
128 37
128 39
128 41
128 43
128 45
128 47
128 49
128 51
128 53
128 55
128 57
128 59
128 61
128 63
128 65
128 67
128 69
128 71
128 73
128 75
128 77
128 79
128 81
128 83
128 85
128 87
128 89
128 91
128 93
128 95
128 97
128 99
128 101
128 103
128 105
128 107
128 109
128 111
128 113
128 115
128 117
128 119
128 121
128 123
128 125
128 127
128 129
128 131
128 133
128 135
128 137
128 139
128 141
128 143
128 145
128 147
128 149
129 20
129 22
129 23
129 25
129 26
129 28
129 29
129 31
129 32
129 34
129 35
129 37
129 38
129 40
129 41
129 44
129 46
129 47
129 49
129 50
129 52
129 53
129 55
129 56
129 58
129 59
129 61
129 62
129 64
129 65
129 67
129 68
129 70
129 71
129 73
129 74
129 76
129 77
129 79
129 80
129 82
129 83
129 85
129 88
129 89
129 91
129 92
129 94
129 95
129 97
129 98
129 100
129 101
129 103
129 104
129 106
129 107
129 109
129 110
129 112
129 113
129 115
129 116
129 118
129 119
129 121
129 122
129 124
129 125
129 127
129 128
129 130
129 131
129 133
129 134
129 136
129 137
129 139
129 140
129 142
129 143
129 145
129 146
129 148
129 149
130 21
130 23
130 27
130 29
130 31
130 33
130 37
130 41
130 43
130 47
130 49
130 51
130 53
130 57
130 59
130 61
130 63
130 67
130 69
130 71
130 73
130 77
130 79
130 81
130 83
130 87
130 89
130 93
130 97
130 99
130 101
130 103
130 107
130 109
130 111
130 113
130 119
130 121
130 123
130 127
130 129
130 131
130 133
130 137
130 139
130 141
130 147
130 149
131 20
131 21
131 22
131 23
131 24
131 25
131 26
131 27
131 28
131 29
131 30
131 31
131 32
131 33
131 34
131 35
131 36
131 37
131 38
131 39
131 40
131 41
131 42
131 43
131 44
131 45
131 46
131 47
131 48
131 49
131 50
131 51
131 52
131 53
131 54
131 55
131 56
131 57
131 58
131 59
131 60
131 61
131 62
131 63
131 64
131 65
131 66
131 67
131 68
131 69
131 70
131 71
131 72
131 73
131 74
131 75
131 76
131 77
131 78
131 79
131 80
131 81
131 82
131 83
131 84
131 85
131 86
131 87
131 88
131 89
131 90
131 91
131 92
131 93
131 94
131 95
131 96
131 97
131 98
131 99
131 100
131 101
131 102
131 103
131 104
131 105
131 106
131 107
131 108
131 109
131 110
131 111
131 112
131 113
131 114
131 115
131 116
131 117
131 118
131 119
131 120
131 121
131 122
131 123
131 124
131 125
131 126
131 127
131 128
131 129
131 130
131 132
131 133
131 134
131 135
131 136
131 137
131 138
131 139
131 140
131 141
131 142
131 143
131 144
131 145
131 146
131 147
131 148
131 149
132 23
132 25
132 29
132 31
132 35
132 37
132 41
132 43
132 47
132 49
132 53
132 59
132 61
132 65
132 67
132 71
132 73
132 79
132 83
132 85
132 89
132 91
132 95
132 97
132 101
132 103
132 107
132 109
132 113
132 115
132 119
132 125
132 127
132 131
132 133
132 137
132 139
132 145
132 149
133 20
133 22
133 23
133 24
133 25
133 26
133 27
133 29
133 30
133 31
133 32
133 33
133 34
133 36
133 37
133 39
133 40
133 41
133 43
133 44
133 45
133 46
133 47
133 48
133 50
133 51
133 52
133 53
133 54
133 55
133 58
133 59
133 60
133 61
133 62
133 64
133 65
133 66
133 67
133 68
133 69
133 71
133 72
133 73
133 74
133 75
133 78
133 79
133 80
133 81
133 82
133 83
133 85
133 86
133 87
133 88
133 89
133 90
133 92
133 93
133 94
133 96
133 97
133 99
133 100
133 101
133 102
133 103
133 104
133 106
133 107
133 108
133 109
133 110
133 111
133 113
133 115
133 116
133 117
133 118
133 120
133 121
133 122
133 123
133 124
133 125
133 127
133 128
133 129
133 130
133 131
133 132
133 134
133 135
133 136
133 137
133 138
133 139
133 141
133 142
133 143
133 144
133 145
133 146
133 148
133 149
134 21
134 23
134 25
134 27
134 29
134 31
134 33
134 35
134 37
134 39
134 41
134 43
134 45
134 47
134 49
134 51
134 53
134 55
134 57
134 59
134 61
134 63
134 65
134 69
134 71
134 73
134 75
134 77
134 79
134 81
134 83
134 85
134 87
134 89
134 91
134 93
134 95
134 97
134 99
134 101
134 103
134 105
134 107
134 109
134 111
134 113
134 115
134 117
134 119
134 121
134 123
134 125
134 127
134 129
134 131
134 133
134 135
134 137
134 139
134 141
134 143
134 145
134 147
134 149
135 22
135 23
135 26
135 28
135 29
135 31
135 32
135 34
135 37
135 38
135 41
135 43
135 44
135 46
135 47
135 49
135 52
135 53
135 56
135 58
135 59
135 61
135 62
135 64
135 67
135 68
135 71
135 73
135 74
135 76
135 77
135 79
135 82
135 83
135 86
135 88
135 89
135 91
135 92
135 94
135 97
135 98
135 101
135 103
135 104
135 106
135 107
135 109
135 112
135 113
135 116
135 118
135 119
135 121
135 122
135 124
135 127
135 128
135 131
135 133
135 134
135 136
135 137
135 139
135 142
135 143
135 146
135 148
135 149
136 21
136 23
136 25
136 27
136 29
136 31
136 33
136 35
136 37
136 39
136 41
136 43
136 45
136 47
136 49
136 53
136 55
136 57
136 59
136 61
136 63
136 65
136 67
136 69
136 71
136 73
136 75
136 77
136 79
136 81
136 83
136 87
136 89
136 91
136 93
136 95
136 97
136 99
136 101
136 103
136 105
136 107
136 109
136 111
136 113
136 115
136 117
136 121
136 123
136 125
136 127
136 129
136 131
136 133
136 135
136 137
136 139
136 141
136 143
136 145
136 147
136 149
137 20
137 21
137 22
137 23
137 24
137 25
137 26
137 27
137 28
137 29
137 30
137 31
137 32
137 33
137 34
137 35
137 36
137 37
137 38
137 39
137 40
137 41
137 42
137 43
137 44
137 45
137 46
137 47
137 48
137 49
137 50
137 51
137 52
137 53
137 54
137 55
137 56
137 57
137 58
137 59
137 60
137 61
137 62
137 63
137 64
137 65
137 66
137 67
137 68
137 69
137 70
137 71
137 72
137 73
137 74
137 75
137 76
137 77
137 78
137 79
137 80
137 81
137 82
137 83
137 84
137 85
137 86
137 87
137 88
137 89
137 90
137 91
137 92
137 93
137 94
137 95
137 96
137 97
137 98
137 99
137 100
137 101
137 102
137 103
137 104
137 105
137 106
137 107
137 108
137 109
137 110
137 111
137 112
137 113
137 114
137 115
137 116
137 117
137 118
137 119
137 120
137 121
137 122
137 123
137 124
137 125
137 126
137 127
137 128
137 129
137 130
137 131
137 132
137 133
137 134
137 135
137 136
137 138
137 139
137 140
137 141
137 142
137 143
137 144
137 145
137 146
137 147
137 148
137 149
138 25
138 29
138 31
138 35
138 37
138 41
138 43
138 47
138 49
138 53
138 55
138 59
138 61
138 65
138 67
138 71
138 73
138 77
138 79
138 83
138 85
138 89
138 91
138 95
138 97
138 101
138 103
138 107
138 109
138 113
138 119
138 121
138 125
138 127
138 131
138 133
138 137
138 139
138 143
138 145
138 149
139 20
139 21
139 22
139 23
139 24
139 25
139 26
139 27
139 28
139 29
139 30
139 31
139 32
139 33
139 34
139 35
139 36
139 37
139 38
139 39
139 40
139 41
139 42
139 43
139 44
139 45
139 46
139 47
139 48
139 49
139 50
139 51
139 52
139 53
139 54
139 55
139 56
139 57
139 58
139 59
139 60
139 61
139 62
139 63
139 64
139 65
139 66
139 67
139 68
139 69
139 70
139 71
139 72
139 73
139 74
139 75
139 76
139 77
139 78
139 79
139 80
139 81
139 82
139 83
139 84
139 85
139 86
139 87
139 88
139 89
139 90
139 91
139 92
139 93
139 94
139 95
139 96
139 97
139 98
139 99
139 100
139 101
139 102
139 103
139 104
139 105
139 106
139 107
139 108
139 109
139 110
139 111
139 112
139 113
139 114
139 115
139 116
139 117
139 118
139 119
139 120
139 121
139 122
139 123
139 124
139 125
139 126
139 127
139 128
139 129
139 130
139 131
139 132
139 133
139 134
139 135
139 136
139 137
139 138
139 140
139 141
139 142
139 143
139 144
139 145
139 146
139 147
139 148
139 149
140 23
140 27
140 29
140 31
140 33
140 37
140 39
140 41
140 43
140 47
140 51
140 53
140 57
140 59
140 61
140 67
140 69
140 71
140 73
140 79
140 81
140 83
140 87
140 89
140 93
140 97
140 99
140 101
140 103
140 107
140 109
140 111
140 113
140 117
140 121
140 123
140 127
140 129
140 131
140 137
140 139
140 141
140 143
140 149
141 20
141 22
141 23
141 25
141 26
141 28
141 29
141 31
141 32
141 34
141 35
141 37
141 38
141 40
141 41
141 43
141 44
141 46
141 49
141 50
141 52
141 53
141 55
141 56
141 58
141 59
141 61
141 62
141 64
141 65
141 67
141 68
141 70
141 71
141 73
141 74
141 76
141 77
141 79
141 80
141 82
141 83
141 85
141 86
141 88
141 89
141 91
141 92
141 95
141 97
141 98
141 100
141 101
141 103
141 104
141 106
141 107
141 109
141 110
141 112
141 113
141 115
141 116
141 118
141 119
141 121
141 122
141 124
141 125
141 127
141 128
141 130
141 131
141 133
141 134
141 136
141 137
141 139
141 140
141 142
141 143
141 145
141 146
141 148
141 149
142 21
142 23
142 25
142 27
142 29
142 31
142 33
142 35
142 37
142 39
142 41
142 43
142 45
142 47
142 49
142 51
142 53
142 55
142 57
142 59
142 61
142 63
142 65
142 67
142 69
142 73
142 75
142 77
142 79
142 81
142 83
142 85
142 87
142 89
142 91
142 93
142 95
142 97
142 99
142 101
142 103
142 105
142 107
142 109
142 111
142 113
142 115
142 117
142 119
142 121
142 123
142 125
142 127
142 129
142 131
142 133
142 135
142 137
142 139
142 141
142 143
142 145
142 147
142 149
143 20
143 21
143 23
143 24
143 25
143 27
143 28
143 29
143 30
143 31
143 32
143 34
143 35
143 36
143 37
143 38
143 40
143 41
143 42
143 43
143 45
143 46
143 47
143 48
143 49
143 50
143 51
143 53
143 54
143 56
143 57
143 58
143 59
143 60
143 61
143 62
143 63
143 64
143 67
143 68
143 69
143 70
143 71
143 72
143 73
143 74
143 75
143 76
143 79
143 80
143 81
143 82
143 83
143 84
143 85
143 86
143 87
143 89
143 90
143 92
143 93
143 94
143 95
143 96
143 97
143 98
143 100
143 101
143 102
143 103
143 105
143 106
143 107
143 108
143 109
143 111
143 112
143 113
143 114
143 115
143 116
143 118
143 119
143 120
143 122
143 123
143 124
143 125
143 126
143 127
143 128
143 129
143 131
143 133
143 134
143 135
143 136
143 137
143 138
143 139
143 140
143 141
143 142
143 144
143 145
143 146
143 147
143 148
143 149
144 23
144 25
144 29
144 31
144 35
144 37
144 41
144 43
144 47
144 49
144 53
144 55
144 59
144 61
144 65
144 67
144 71
144 73
144 77
144 79
144 83
144 85
144 89
144 91
144 95
144 97
144 101
144 103
144 107
144 109
144 113
144 115
144 119
144 121
144 125
144 127
144 131
144 133
144 137
144 139
144 143
144 145
144 149
145 21
145 22
145 23
145 24
145 26
145 27
145 28
145 31
145 32
145 33
145 34
145 36
145 37
145 38
145 39
145 41
145 42
145 43
145 44
145 46
145 47
145 48
145 49
145 51
145 52
145 53
145 54
145 56
145 57
145 59
145 61
145 62
145 63
145 64
145 66
145 67
145 68
145 69
145 71
145 72
145 73
145 74
145 76
145 77
145 78
145 79
145 81
145 82
145 83
145 84
145 86
145 88
145 89
145 91
145 92
145 93
145 94
145 96
145 97
145 98
145 99
145 101
145 102
145 103
145 104
145 106
145 107
145 108
145 109
145 111
145 112
145 113
145 114
145 117
145 118
145 119
145 121
145 122
145 123
145 124
145 126
145 127
145 128
145 129
145 131
145 132
145 133
145 134
145 136
145 137
145 138
145 139
145 141
145 142
145 143
145 144
145 146
145 147
145 148
145 149
146 21
146 23
146 25
146 27
146 29
146 31
146 33
146 35
146 37
146 39
146 41
146 43
146 45
146 47
146 49
146 51
146 53
146 55
146 57
146 59
146 61
146 63
146 65
146 67
146 69
146 71
146 75
146 77
146 79
146 81
146 83
146 85
146 87
146 89
146 91
146 93
146 95
146 97
146 99
146 101
146 103
146 105
146 107
146 109
146 111
146 113
146 115
146 117
146 119
146 121
146 123
146 125
146 127
146 129
146 131
146 133
146 135
146 137
146 139
146 141
146 143
146 145
146 147
146 149
147 20
147 22
147 23
147 25
147 26
147 29
147 31
147 32
147 34
147 37
147 38
147 40
147 41
147 43
147 44
147 46
147 47
147 50
147 52
147 53
147 55
147 58
147 59
147 61
147 62
147 64
147 65
147 67
147 68
147 71
147 73
147 74
147 76
147 79
147 80
147 82
147 83
147 85
147 86
147 88
147 89
147 92
147 94
147 95
147 97
147 100
147 101
147 103
147 104
147 106
147 107
147 109
147 110
147 113
147 115
147 116
147 118
147 121
147 122
147 124
147 125
147 127
147 128
147 130
147 131
147 134
147 136
147 137
147 139
147 142
147 143
147 145
147 146
147 148
147 149
148 21
148 23
148 25
148 27
148 29
148 31
148 33
148 35
148 39
148 41
148 43
148 45
148 47
148 49
148 51
148 53
148 55
148 57
148 59
148 61
148 63
148 65
148 67
148 69
148 71
148 73
148 75
148 77
148 79
148 81
148 83
148 85
148 87
148 89
148 91
148 93
148 95
148 97
148 99
148 101
148 103
148 105
148 107
148 109
148 113
148 115
148 117
148 119
148 121
148 123
148 125
148 127
148 129
148 131
148 133
148 135
148 137
148 139
148 141
148 143
148 145
148 147
148 149
149 20
149 21
149 22
149 23
149 24
149 25
149 26
149 27
149 28
149 29
149 30
149 31
149 32
149 33
149 34
149 35
149 36
149 37
149 38
149 39
149 40
149 41
149 42
149 43
149 44
149 45
149 46
149 47
149 48
149 49
149 50
149 51
149 52
149 53
149 54
149 55
149 56
149 57
149 58
149 59
149 60
149 61
149 62
149 63
149 64
149 65
149 66
149 67
149 68
149 69
149 70
149 71
149 72
149 73
149 74
149 75
149 76
149 77
149 78
149 79
149 80
149 81
149 82
149 83
149 84
149 85
149 86
149 87
149 88
149 89
149 90
149 91
149 92
149 93
149 94
149 95
149 96
149 97
149 98
149 99
149 100
149 101
149 102
149 103
149 104
149 105
149 106
149 107
149 108
149 109
149 110
149 111
149 112
149 113
149 114
149 115
149 116
149 117
149 118
149 119
149 120
149 121
149 122
149 123
149 124
149 125
149 126
149 127
149 128
149 129
149 130
149 131
149 132
149 133
149 134
149 135
149 136
149 137
149 138
149 139
149 140
149 141
149 142
149 143
149 144
149 145
149 146
149 147
149 148
